PBF
24 30 61 30 61
25 30 62 30 60
24 30 60 31 61
25 30 61 30 61
24 30 60 30 61
24 30 61 30 61
24 30 62 30 62
24 30 61 30 61
24 30 61 30 61
24 30 60 30 60
24 30 61 30 61
24 30 60 30 62
24 31 60 30 61
24 30 63 30 61
24 30 61 30 62
24 30 61 30 60
24 30 61 30 60
24 30 60 30 60
24 30 61 30 60
24 30 60 30 60
24 30 62 30 61
24 31 60 30 60
24 30 60 31 61
24 30 62 30 61
24 30 60 30 60
24 30 61 30 61
24 30 61 31 60
24 30 61 30 63
24 30 61 30 61
24 30 61 30 61
24 30 64 30 62
24 30 62 30 60
25 30 62 30 62
24 30 61 30 61
24 30 62 30 63
24 30 60 30 60
24 30 61 30 63
24 30 60 30 61
25 30 61 30 60
24 31 62 30 60
24 30 60 30 62
24 30 60 30 61
24 31 61 30 61
24 30 61 30 61
24 30 63 30 63
24 30 62 31 63
24 31 61 30 62
24 30 61 30 60
24 31 62 30 60
24 30 62 30 61
24 30 61 30 62
24 30 61 30 60
24 30 61 30 61
24 30 61 30 60
24 30 60 30 61
24 30 60 30 61
25 31 60 30 61
24 30 61 31 62
24 31 71 30 61
24 30 60 31 62
24 30 62 30 60
24 30 60 31 60
24 30 61 30 61
24 30 61 30 61
24 30 61 31 60
25 30 64 30 60
24 30 61 30 61
24 30 61 30 61
24 30 60 30 60
24 30 61 30 61
24 30 61 31 62
24 30 61 30 61
24 30 60 30 61
24 31 67 30 63
24 30 61 30 60
24 30 61 30 61
24 30 60 30 61
24 30 60 30 60
24 30 60 30 65
24 30 61 31 61
25 30 61 30 66
24 30 61 30 61
24 30 60 30 61
24 30 61 30 61
24 31 66 30 61
25 31 61 30 61
24 30 60 30 61
24 31 61 30 62
24 30 60 30 61
24 30 61 31 65
25 32 60 30 61
24 30 61 30 61
24 30 62 31 61
24 30 61 30 62
24 31 63 30 60
24 30 60 30 60
24 30 60 30 61
24 31 61 31 61
24 30 60 30 62
24 30 60 30 61

ISA
25 33 70 33 70
25 32 68 32 71
26 32 65 32 65
25 33 63 32 67
25 32 66 33 69
26 32 66 33 69
25 33 70 33 69
25 32 69 35 67
26 33 65 32 71
25 31 68 34 66
25 33 66 33 71
25 31 64 34 67
24 32 64 32 69
24 32 70 33 65
24 34 69 34 69
24 33 65 33 66
24 33 67 33 67
26 33 67 33 64
25 33 69 33 68
25 32 69 33 68
25 32 69 33 68
25 33 64 32 67
25 32 71 33 66
26 31 70 32 66
25 32 65 32 65
25 32 67 32 70
25 32 66 32 69
25 32 67 33 69
26 32 67 33 65
25 33 63 32 68
25 33 69 32 69
26 32 68 33 68
25 32 68 34 69
26 31 69 33 68
25 32 67 33 77
25 32 68 33 66
26 33 67 34 66
25 33 65 33 67
26 34 70 33 67
25 32 66 32 68
25 32 74 32 70
26 33 65 34 69
25 32 65 32 70
25 32 67 33 68
25 31 69 32 67
25 32 69 32 69
25 33 67 32 70
25 31 64 33 68
25 33 66 32 66
25 32 68 32 70
26 32 67 32 67
25 32 65 32 67
25 33 66 33 66
25 31 72 33 66
25 32 67 32 67
24 32 65 33 67
26 32 67 34 70
25 32 67 32 68
25 32 70 33 67
25 32 67 34 66
26 31 71 32 66
25 33 68 33 67
24 32 65 32 66
25 32 70 33 71
25 33 65 35 71
25 31 70 33 67
25 31 66 33 69
25 33 65 33 66
25 32 66 33 66
25 32 68 32 67
26 33 66 33 71
26 33 68 33 69
25 32 67 34 71
24 31 72 33 65
25 32 68 32 68
25 35 66 31 67
25 33 67 33 68
25 32 67 33 73
25 35 66 33 66
25 33 67 35 67
26 32 69 33 72
25 34 66 32 67
25 32 71 33 66
25 32 66 32 68
25 32 65 32 69
25 31 64 34 68
26 33 65 33 68
26 32 67 32 67
25 31 65 32 70
25 33 67 34 68
26 33 67 32 70
25 31 66 31 66
26 31 68 33 66
26 32 67 33 70
25 32 69 33 72
26 32 65 33 66
24 32 69 33 69
25 32 65 34 65
26 32 68 32 77
25 31 65 32 65

OLS
25 36 76 33 74
26 32 77 34 85
26 32 70 35 69
25 33 68 34 91
25 33 71 33 73
26 32 77 32 77
26 31 93 33 81
25 32 77 34 77
26 32 78 31 80
29 32 73 33 74
25 33 68 33 94
26 32 75 33 84
26 34 75 35 85
26 32 80 33 71
25 33 81 34 110
25 38 80 36 84
24 34 72 33 75
27 35 69 34 72
26 36 70 32 71
25 35 70 36 69
26 33 84 35 69
25 35 63 33 76
27 32 71 35 73
25 34 77 39 70
26 33 69 34 76
26 34 73 33 82
25 33 69 34 83
26 35 76 33 88
26 35 81 32 69
25 33 83 34 74
26 32 102 37 80
26 33 88 35 78
27 37 68 34 88
25 33 80 33 73
25 34 78 36 85
26 33 76 32 74
26 33 69 33 79
26 34 73 35 75
31 34 72 32 75
27 39 67 34 73
25 35 80 33 86
26 33 88 36 72
26 33 91 32 74
27 34 71 34 94
25 32 105 34 74
26 32 74 35 66
25 41 73 32 95
26 33 70 33 72
25 34 67 36 75
25 32 76 35 81
26 33 69 32 76
27 33 83 32 73
26 33 70 35 76
26 32 87 32 76
26 34 89 32 83
26 33 67 37 78
26 35 80 34 78
25 34 80 38 83
25 38 89 33 73
25 32 77 34 77
27 32 78 36 80
26 34 88 35 78
25 33 88 33 104
25 32 86 37 75
25 33 70 35 87
27 31 81 36 85
25 33 75 35 83
26 33 76 35 74
26 33 65 32 71
25 34 76 36 90
26 34 66 34 76
26 35 69 36 79
25 33 80 34 89
24 34 90 32 78
25 34 77 36 92
25 39 79 34 84
26 35 73 35 78
26 32 78 38 78
25 35 66 33 76
25 32 72 36 80
26 35 68 35 90
27 37 71 36 76
26 32 80 34 73
25 38 71 33 89
25 33 83 35 78
26 33 75 36 76
26 38 72 34 99
26 34 82 35 76
26 32 72 34 81
26 32 74 33 77
26 33 69 31 75
25 33 88 33 87
27 32 86 41 82
26 32 87 34 77
27 36 75 34 78
26 34 69 33 81
25 33 70 33 75
25 32 68 33 67
26 35 70 33 88
26 33 73 33 80
