The solution has 50 rectangles (coordinates only)
(0, 0) (14, 14)
(14, 0) (36, 12)
(36, 0) (42, 6)
(42, 0) (51, 10)
(51, 0) (70, 14)
(70, 0) (87, 12)
(14, 12) (32, 21)
(87, 0) (100, 14)
(32, 12) (50, 36)
(70, 12) (86, 34)
(0, 14) (4, 28)
(4, 14) (11, 26)
(50, 14) (68, 37)
(0, 28) (31, 65)
(86, 14) (89, 32)
(89, 14) (98, 31)
(68, 34) (90, 67)
(31, 36) (46, 50)
(98, 14) (99, 32)
(46, 37) (67, 50)
(31, 50) (46, 67)
(90, 31) (97, 42)
(90, 42) (98, 51)
(46, 50) (68, 81)
(99, 14) (100, 37)
(90, 51) (96, 88)
(0, 65) (22, 76)
(22, 67) (37, 85)
(68, 67) (82, 79)
(37, 67) (43, 90)
(82, 67) (90, 90)
(0, 76) (14, 84)
(43, 81) (77, 95)
(0, 84) (14, 92)
(98, 32) (99, 92)
(99, 37) (100, 77)
(14, 76) (18, 86)
(18, 76) (21, 94)
(21, 85) (33, 93)
(77, 90) (93, 96)
(0, 92) (16, 109)
(16, 95) (53, 106)
(53, 96) (93, 101)
(93, 88) (96, 100)
(96, 92) (99, 104)
(53, 101) (65, 109)
(65, 101) (75, 109)
(16, 106) (53, 109)
(75, 101) (83, 102)
(75, 102) (91, 103)
