The solution has 50 rectangles (coordinates only)
(0, 0) (3, 17)
(3, 0) (33, 3)
(33, 0) (45, 4)
(45, 0) (75, 19)
(75, 0) (100, 20)
(3, 3) (33, 30)
(33, 4) (45, 25)
(0, 17) (2, 47)
(2, 17) (3, 30)
(45, 19) (75, 25)
(88, 20) (100, 26)
(75, 20) (88, 26)
(33, 25) (65, 30)
(65, 25) (75, 49)
(75, 26) (92, 49)
(93, 26) (100, 82)
(92, 26) (93, 51)
(2, 30) (29, 47)
(63, 30) (65, 36)
(29, 30) (61, 31)
(61, 30) (63, 50)
(29, 31) (61, 41)
(63, 36) (65, 44)
(49, 41) (61, 45)
(29, 41) (49, 45)
(29, 45) (45, 47)
(45, 45) (61, 56)
(0, 47) (26, 72)
(26, 47) (43, 72)
(63, 49) (80, 50)
(80, 49) (92, 61)
(61, 50) (80, 54)
(61, 54) (80, 74)
(43, 56) (61, 69)
(80, 61) (93, 76)
(44, 69) (61, 88)
(0, 72) (26, 91)
(26, 72) (35, 84)
(35, 72) (44, 84)
(61, 74) (80, 93)
(80, 76) (93, 80)
(80, 80) (93, 91)
(93, 82) (100, 94)
(26, 84) (43, 95)
(43, 88) (60, 96)
(0, 91) (21, 103)
(81, 91) (93, 100)
(70, 93) (81, 101)
(21, 95) (33, 99)
(40, 96) (70, 104)
