The solution has 30 rectangles (coordinates only)
(0, 0) (297, 216)
(297, 0) (326, 151)
(326, 0) (486, 162)
(486, 0) (575, 313)
(575, 0) (808, 168)
(808, 0) (1000, 151)
(919, 151) (1000, 313)
(831, 151) (919, 276)
(326, 162) (486, 313)
(575, 168) (808, 313)
(29, 216) (326, 313)
(0, 313) (117, 616)
(117, 313) (314, 616)
(866, 313) (1000, 587)
(314, 313) (698, 493)
(718, 313) (866, 539)
(314, 493) (454, 655)
(454, 493) (665, 726)
(718, 539) (866, 587)
(853, 587) (1000, 794)
(698, 587) (853, 794)
(0, 616) (158, 741)
(158, 655) (316, 758)
(540, 726) (698, 897)
(367, 726) (540, 959)
(0, 758) (302, 964)
(754, 794) (1000, 943)
(686, 943) (1000, 1136)
(372, 959) (686, 1080)
(0, 964) (314, 1034)
